[gd_scene load_steps=3 format=2]

[ext_resource path="res://scene/Main.gd" type="Script" id=1]

[sub_resource type="BoxShape" id=1]

[node name="Spatial" type="Spatial"]
script = ExtResource( 1 )

[node name="Orthogonal" type="Camera" parent="."]
transform = Transform( 1, 0, 0, 0, 0.707107, 0.707107, 0, -0.707107, 0.707107, 0, 10, 10 )
projection = 1
size = 25.0
far = 500.0

[node name="Perpective" type="Camera" parent="."]
transform = Transform( 1, 0, 0, 0, 0.34202, 0.939693, 0, -0.939693, 0.34202, 3.655, 30, 10 )
current = true
fov = 90.9
size = 45.483
far = 500.0

[node name="StaticBody" type="StaticBody" parent="."]
transform = Transform( 1, 0, 0, 0, 1, 0, 0, 0, 1, 2.392, 5.77509, 8.93979 )
visible = false

[node name="CSGBox" type="CSGBox" parent="StaticBody"]
width = 1.0
height = 1.0
depth = 1.0

[node name="CollisionShape" type="CollisionShape" parent="StaticBody"]
shape = SubResource( 1 )

[node name="Cubes" type="Node" parent="."]

[node name="SpotLight" type="SpotLight" parent="."]
transform = Transform( 0.986716, -0.125613, 0.103021, -0.0226682, 0.521485, 0.852959, -0.160867, -0.843964, 0.51171, 6.076, 22.75, 16.641 )
light_energy = 3.887
shadow_enabled = true
spot_range = 40.0
spot_attenuation = 1.1487
spot_angle = 15.0
spot_angle_attenuation = 0.31864

[node name="OmniLight" type="OmniLight" parent="."]
transform = Transform( 1, 0, 0, 0, 1, 0, 0, 0, 1, 2.51716, 6.61162, 6.14485 )
light_color = Color( 1, 0, 0, 1 )
omni_range = 9.587

[node name="DirectionalLight" type="DirectionalLight" parent="."]
transform = Transform( 1, 0, 0, 0, 0.866025, 0.5, 0, -0.5, 0.866025, 0, 11, 11 )
light_color = Color( 0.027451, 0.12549, 0.388235, 1 )
light_energy = 1.417
shadow_enabled = true
